10 67770 12968
60 20344 394955
110 26879 332618
160 27565 465250
210 35016 7893
260 43964 7975
310 52060 20973
360 59207 19926
410 65341 17005
460 71036 18153
510 76338 1093321
560 92832 27599
610 82835 28982
660 91682 21062
710 89661 827001
760 128967 26805
810 119864 26424
860 130116 25186
910 134893 28886
960 143181 30333
1010 140416 36009
1060 152712 31459
1110 155188 35251
1160 170618 37514
1210 173332 19226
1260 157481 8839
1310 176021 9434
1360 195082 10379
1410 190217 10567
1460 205168 9834
1510 212063 10979
1560 213400 14697
1610 1257514 16361
1660 247866 10364
1710 235315 10926
1760 258067 11536
1810 261773 11513
1860 255541 18851
1910 264979 12296
1960 271402 12749
2010 307689 13461
2060 287546 13430
2110 308941 15109
2160 310767 14090
2210 294000 14256
2260 318227 14474
2310 328202 14572
2360 322851 15100
2410 324306 15895
2460 372134 17967
2510 414381 18443
2560 153217 17142
2610 79261 18374
2660 51893 16283
2710 40952 15939
2760 44626 16228
2810 44973 16240
2860 43532 17114
2910 47798 17593
2960 42692 19311
3010 43605 20093
3060 45157 20041
3110 45654 19988
3160 49088 21591
3210 2487467 32710
3260 55758 24609
3310 293938 24905
3360 50578 28832
3410 52360 24058
3460 205234 30709
3510 61998 23786
3560 61581 31463
3610 207112 23889
3660 76632 31473
3710 113884 24514
3760 65074 33291
3810 65540 24811
3860 212541 36253
3910 62684 28887
3960 10981 39661
4010 10276 26608
4060 10097 39043
4110 19055 46305
4160 15710 34024
4210 12815 41721
4260 11102 28453
4310 11761 34061
4360 11529 28803
4410 11047 36375
4460 11189 29668
4510 24826 35011
4560 10661 29702
4610 11266 32889
4660 11150 29833
4710 11327 34090
4760 11769 31882
4810 12323 34908
4860 12036 34313
4910 11483 35336
4960 12842 34848
5010 13177 38333
5060 12359 43077
5110 22410 81166
5160 14944 34033
5210 14325 41058
5260 13099 35155
5310 13513 39702
5360 13078 35967
5410 12902 41383
5460 13089 35340
5510 13453 41768
5560 13518 38373
5610 13654 48444
5660 13448 39195
5710 14044 46718
5760 13942 38916
5810 14148 51122
5860 14167 39809
5910 13930 51434
5960 14340 41037
6010 14928 53358
6060 14956 42044
6110 15000 57051
6160 15318 39826
6210 15041 60514
6260 16185 44298
6310 15217 42993
6360 15330 46936
6410 15995 44650
6460 27258 85138
6510 23089 52797
6560 18742 50203
6610 19450 43779
6660 17269 46758
6710 16396 44031
6760 16503 48131
6810 16374 44183
6860 16103 46733
6910 16326 44520
6960 16391 47378
7010 16810 44710
7060 16625 48997
7110 16662 45539
7160 17033 51027
7210 16931 47623
7260 16756 51332
7310 17517 48939
7360 17010 50551
7410 17261 48131
7460 17218 50760
7510 17342 48294
7560 17760 52042
7610 17813 49331
7660 17660 54887
7710 17614 50731
7760 18353 57429
7810 18121 50476
7860 17856 63216
7910 17946 51143
7960 18068 68522
8010 13262355 79401
8060 21489 74857
8110 20574 53867
8160 19030 77038
8210 19877 55486
8260 19637 74954
8310 19720 55474
8360 19314 55350
8410 19955 60880
8460 19496 55281
8510 19697 59155
8560 23804 72771
8610 25846 74608
8660 20564 58054
8710 20947 60462
8760 20478 58679
8810 20799 63828
8860 22173 56921
8910 20776 61344
8960 20313 58388
9010 1764026 87631
9060 22267 64165
9110 21042 67853
9160 21561 69459
9210 21046 62034
9260 21033 59815
9310 21657 67310
9360 22569 124803
9410 59609 161178
9460 39172 74803
9510 25391 74522
9560 23719 62697
9610 25596 66219
9660 22027 62697
9710 25015 65771
9760 21728 63948
9810 22367 72676
9860 22152 63658
9910 22139 75365
9960 22425 66747
10010 22652 78224
10060 22325 65756
10110 23382 85764
10160 22976 66227
10210 22691 83050
10260 23399 66901
10310 23337 88771
10360 23828 68493
10410 23872 94170
10460 23566 69456
10510 23519 70008
10560 24398 76381
10610 25038 72884
10660 28058 74259
10710 24785 71629
10760 24445 77442
10810 26993 71180
10860 24530 75416
10910 24569 71117
10960 24704 74722
11010 24546 71148
11060 36815 74130
11110 24882 74181
11160 24617 75616
11210 11729534 104747
11260 26757 82705
11310 25749 75050
11360 26492 81451
11410 26078 77660
11460 26409 84589
11510 28458 82746
11560 26507 87089
11610 27041 83512
11660 27937 90181
11710 28130 83112
11760 27199 88865
11810 28325 78958
11860 27568 85543
11910 27807 81446
11960 27097 95712
12010 28858 78309
12060 27432 95315
12110 28042 81625
12160 27856 97817
12210 28864 83151
12260 29151 100424
12310 28953 87095
12360 29912 108353
12410 29573 85819
12460 28999 115697
12510 29410 85286
12560 29701 117548
12610 29190 85753
12660 29713 86571
12710 29214 88152
12760 29777 97906
12810 28995 88378
12860 29581 88956
12910 29188 91319
12960 30278 85693
13010 29294 91156
13060 30173 91424
13110 30159 95540
13160 30085 91035
13210 30711 94724
13260 31102 91631
13310 30142 93928
13360 30101 87918
13410 31316 91851
13460 30217 89184
13510 31134 93045
13560 31586 89765
13610 32613 95024
13660 30897 94436
13710 33233 105280
13760 32012 107684
13810 34221 100375
13860 31130 88745
13910 31052 92170
13960 31218 90848
14010 32227 99548
14060 31589 92253
14110 32192 101720
14160 32715 93872
14210 31658 105880
14260 31757 91939
14310 32140 121003
14360 32756 93762
14410 32168 116678
14460 33141 94228
14510 32124 121125
14560 33599 96445
14610 33055 124878
14660 33640 97033
14710 33390 133844
14760 33528 97431
14810 33800 98364
14860 34334 104956
14910 33237 99472
14960 35209 103537
15010 33723 97626
15060 34145 102000
15110 34024 99157
15160 36116 102170
15210 34651 100742
15260 34647 103705
15310 35113 102020
15360 37750 102770
15410 34655 100268
15460 34921 104188
15510 35200 100459
15560 36883 106324
15610 39238 110978
15660 38831 124437
15710 51910 112471
15760 37645 114600
15810 38346 109206
15860 38891 113450
15910 37806 108562
15960 40591 112294
16010 37790 110088
16060 40240 120807
16110 39997 115934
16160 41280 127205
16210 41445 117574
16260 42163 129256
16310 39734 122066
16360 42824 133706
16410 39900 116735
16460 39984 136685
16510 41091 113544
16560 40678 143186
16610 41759 113585
16660 39851 144286
16710 40199 118373
16760 39939 152240
16810 40581 120632
16860 54273 183369
16910 42339 116334
16960 41704 113428
17010 39967 120275
17060 43143 112921
17110 49536 120965
17160 40683 116690
17210 42186 122862
17260 40274 115655
17310 41726 122912
17360 48842 115792
17410 41930 124584
17460 41363 117039
17510 41041 121069
17560 40614 118221
17610 43524 127823
17660 42722 120225
17710 41567 125361
17760 41981 119045
17810 43120 124534
17860 41757 119817
17910 42498 126894
17960 41715 123051
18010 42053 129976
18060 56645 127364
18110 44089 224670
18160 66885 165562
18210 56939 154735
18260 53487 138207
18310 49805 152148
18360 48593 142054
18410 48451 158697
18460 70347 146161
18510 48987 161478
18560 48966 149846
18610 181509 510999
18660 65922 165773
18710 55324 184424
18760 52828 150780
18810 51755 183293
18860 51131 147127
18910 51150 172167
18960 46641 132071
19010 47019 179237
19060 46879 131616
19110 44995 132035
19160 45817 144745
19210 50193 143129
19260 49004 170512
19310 52549 145740
19360 49570 154639
19410 51499 154496
19460 52160 161509
19510 51466 153021
19560 54298 159833
19610 52730 152629
19660 52403 162806
19710 54045 150202
19760 52102 158797
